function [P, N] = waterfilling_init()
    P = 9; 
%     N = [1 3 5 10 2 11 9 4 2 3];
    N = [2,15,3,17,5,5,5,6,4,5,11,11,8,9,10,14,6,2,3,13];
end